0 0
0.001 0.004
0.002 0.008
0.003 0.012
0.004 0.016
0.005 0.02
0.006 0.024
0.007 0.028
0.008 0.032
0.009 0.036
0.01 0.04
0.011 0.0439999
0.012 0.0479999
0.013 0.0519999
0.014 0.0559998
0.015 0.0599998
0.016 0.0639997
0.017 0.0679997
0.018 0.0719996
0.019 0.0759995
0.02 0.0799994
0.021 0.0839992
0.022 0.0879991
0.023 0.0919989
0.024 0.0959987
0.025 0.0999984
0.026 0.103998
0.027 0.107998
0.028 0.111998
0.029 0.115997
0.03 0.119997
0.031 0.123996
0.032 0.127996
0.033 0.131995
0.034 0.135995
0.035 0.139994
0.036 0.143993
0.037 0.147993
0.038 0.151992
0.039 0.155991
0.04 0.15999
0.041 0.163989
0.042 0.167988
0.043 0.171986
0.044 0.175985
0.045 0.179984
0.046 0.183982
0.047 0.18798
0.048 0.191979
0.049 0.195977
0.05 0.199975
0.051 0.203973
0.052 0.207971
0.053 0.211968
0.054 0.215966
0.055 0.219963
0.056 0.223961
0.057 0.227958
0.058 0.231955
0.059 0.235952
0.06 0.239948
0.061 0.243945
0.062 0.247941
0.063 0.251937
0.064 0.255933
0.065 0.259929
0.066 0.263924
0.067 0.267919
0.068 0.271915
0.069 0.275909
0.07 0.279904
0.071 0.283898
0.072 0.287893
0.073 0.291886
0.074 0.29588
0.075 0.299873
0.076 0.303867
0.077 0.307859
0.078 0.311852
0.079 0.315844
0.08 0.319836
0.081 0.323828
0.082 0.327819
0.083 0.33181
0.084 0.335801
0.085 0.339791
0.086 0.343781
0.087 0.347771
0.088 0.35176
0.089 0.355749
0.09 0.359738
0.091 0.363726
0.092 0.367714
0.093 0.371701
0.094 0.375688
0.095 0.379674
0.096 0.383661
0.097 0.387646
0.098 0.391631
0.099 0.395616
0.1 0.3996
0.101 0.403584
0.102 0.407567
0.103 0.41155
0.104 0.415533
0.105 0.419514
0.106 0.423496
0.107 0.427476
0.108 0.431456
0.109 0.435436
0.11 0.439415
0.111 0.443394
0.112 0.447371
0.113 0.451349
0.114 0.455325
0.115 0.459301
0.116 0.463277
0.117 0.467252
0.118 0.471226
0.119 0.475199
0.12 0.479172
0.121 0.483144
0.122 0.487115
0.123 0.491086
0.124 0.495056
0.125 0.499025
0.126 0.502994
0.127 0.506962
0.128 0.510929
0.129 0.514895
0.13 0.51886
0.131 0.522825
0.132 0.526788
0.133 0.530751
0.134 0.534713
0.135 0.538675
0.136 0.542635
0.137 0.546595
0.138 0.550553
0.139 0.554511
0.14 0.558468
0.141 0.562423
0.142 0.566378
0.143 0.570332
0.144 0.574285
0.145 0.578237
0.146 0.582188
0.147 0.586138
0.148 0.590087
0.149 0.594035
0.15 0.597982
0.151 0.601928
0.152 0.605872
0.153 0.609816
0.154 0.613758
0.155 0.6177
0.156 0.62164
0.157 0.625579
0.158 0.629517
0.159 0.633454
0.16 0.637389
0.161 0.641324
0.162 0.645257
0.163 0.649189
0.164 0.653119
0.165 0.657048
0.166 0.660976
0.167 0.664903
0.168 0.668829
0.169 0.672753
0.17 0.676675
0.171 0.680597
0.172 0.684517
0.173 0.688435
0.174 0.692353
0.175 0.696268
0.176 0.700183
0.177 0.704096
0.178 0.708007
0.179 0.711917
0.18 0.715825
0.181 0.719732
0.182 0.723638
0.183 0.727541
0.184 0.731443
0.185 0.735344
0.186 0.739243
0.187 0.74314
0.188 0.747036
0.189 0.75093
0.19 0.754823
0.191 0.758713
0.192 0.762602
0.193 0.76649
0.194 0.770375
0.195 0.774259
0.196 0.778141
0.197 0.782021
0.198 0.7859
0.199 0.789776
0.2 0.793651
0.201 0.797524
0.202 0.801395
0.203 0.805264
0.204 0.809131
0.205 0.812996
0.206 0.816859
0.207 0.82072
0.208 0.82458
0.209 0.828437
0.21 0.832292
0.211 0.836145
0.212 0.839996
0.213 0.843845
0.214 0.847692
0.215 0.851537
0.216 0.85538
0.217 0.85922
0.218 0.863059
0.219 0.866895
0.22 0.870728
0.221 0.87456
0.222 0.878389
0.223 0.882217
0.224 0.886041
0.225 0.889864
0.226 0.893684
0.227 0.897502
0.228 0.901317
0.229 0.90513
0.23 0.908941
0.231 0.912749
0.232 0.916555
0.233 0.920358
0.234 0.924159
0.235 0.927957
0.236 0.931753
0.237 0.935546
0.238 0.939337
0.239 0.943125
0.24 0.94691
0.241 0.950693
0.242 0.954473
0.243 0.95825
0.244 0.962025
0.245 0.965797
0.246 0.969566
0.247 0.973333
0.248 0.977096
0.249 0.980857
0.25 0.984615
0.251 0.988371
0.252 0.992123
0.253 0.995873
0.254 0.999619
0.255 1.00336
0.256 1.0071
0.257 1.01084
0.258 1.01458
0.259 1.01831
0.26 1.02204
0.261 1.02576
0.262 1.02948
0.263 1.0332
0.264 1.03692
0.265 1.04063
0.266 1.04434
0.267 1.04805
0.268 1.05175
0.269 1.05546
0.27 1.05915
0.271 1.06285
0.272 1.06654
0.273 1.07022
0.274 1.07391
0.275 1.07759
0.276 1.08127
0.277 1.08494
0.278 1.08861
0.279 1.09228
0.28 1.09594
0.281 1.0996
0.282 1.10326
0.283 1.10691
0.284 1.11056
0.285 1.11421
0.286 1.11785
0.287 1.12149
0.288 1.12512
0.289 1.12875
0.29 1.13238
0.291 1.13601
0.292 1.13963
0.293 1.14324
0.294 1.14686
0.295 1.15046
0.296 1.15407
0.297 1.15767
0.298 1.16127
0.299 1.16486
0.3 1.16845
0.301 1.17204
0.302 1.17562
0.303 1.1792
0.304 1.18277
0.305 1.18634
0.306 1.18991
0.307 1.19347
0.308 1.19703
0.309 1.20058
0.31 1.20413
0.311 1.20767
0.312 1.21121
0.313 1.21475
0.314 1.21828
0.315 1.22181
0.316 1.22534
0.317 1.22885
0.318 1.23237
0.319 1.23588
0.32 1.23939
0.321 1.24289
0.322 1.24639
0.323 1.24988
0.324 1.25337
0.325 1.25685
0.326 1.26033
0.327 1.26381
0.328 1.26728
0.329 1.27075
0.33 1.27421
0.331 1.27767
0.332 1.28112
0.333 1.28457
0.334 1.28801
0.335 1.29145
0.336 1.29488
0.337 1.29831
0.338 1.30173
0.339 1.30515
0.34 1.30857
0.341 1.31198
0.342 1.31538
0.343 1.31878
0.344 1.32218
0.345 1.32557
0.346 1.32895
0.347 1.33233
0.348 1.33571
0.349 1.33908
0.35 1.34244
0.351 1.3458
0.352 1.34916
0.353 1.35251
0.354 1.35585
0.355 1.35919
0.356 1.36253
0.357 1.36585
0.358 1.36918
0.359 1.3725
0.36 1.37581
0.361 1.37912
0.362 1.38242
0.363 1.38572
0.364 1.38901
0.365 1.3923
0.366 1.39558
0.367 1.39885
0.368 1.40212
0.369 1.40539
0.37 1.40865
0.371 1.4119
0.372 1.41515
0.373 1.41839
0.374 1.42163
0.375 1.42486
0.376 1.42809
0.377 1.43131
0.378 1.43452
0.379 1.43773
0.38 1.44093
0.381 1.44413
0.382 1.44732
0.383 1.45051
0.384 1.45369
0.385 1.45686
0.386 1.46003
0.387 1.46319
0.388 1.46635
0.389 1.4695
0.39 1.47264
0.391 1.47578
0.392 1.47892
0.393 1.48204
0.394 1.48516
0.395 1.48828
0.396 1.49139
0.397 1.49449
0.398 1.49759
0.399 1.50068
0.4 1.50376
0.401 1.50684
0.402 1.50991
0.403 1.51297
0.404 1.51603
0.405 1.51909
0.406 1.52213
0.407 1.52517
0.408 1.52821
0.409 1.53124
0.41 1.53426
0.411 1.53727
0.412 1.54028
0.413 1.54328
0.414 1.54628
0.415 1.54927
0.416 1.55225
0.417 1.55523
0.418 1.5582
0.419 1.56116
0.42 1.56412
0.421 1.56707
0.422 1.57001
0.423 1.57295
0.424 1.57588
0.425 1.5788
0.426 1.58172
0.427 1.58463
0.428 1.58753
0.429 1.59043
0.43 1.59332
0.431 1.5962
0.432 1.59908
0.433 1.60195
0.434 1.60481
0.435 1.60767
0.436 1.61052
0.437 1.61336
0.438 1.61619
0.439 1.61902
0.44 1.62184
0.441 1.62466
0.442 1.62747
0.443 1.63027
0.444 1.63306
0.445 1.63585
0.446 1.63863
0.447 1.6414
0.448 1.64416
0.449 1.64692
0.45 1.64967
0.451 1.65242
0.452 1.65515
0.453 1.65788
0.454 1.66061
0.455 1.66332
0.456 1.66603
0.457 1.66873
0.458 1.67142
0.459 1.67411
0.46 1.67679
0.461 1.67946
0.462 1.68212
0.463 1.68478
0.464 1.68743
0.465 1.69007
0.466 1.69271
0.467 1.69533
0.468 1.69795
0.469 1.70057
0.47 1.70317
0.471 1.70577
0.472 1.70836
0.473 1.71094
0.474 1.71352
0.475 1.71608
0.476 1.71864
0.477 1.7212
0.478 1.72374
0.479 1.72628
0.48 1.72881
0.481 1.73133
0.482 1.73384
0.483 1.73635
0.484 1.73885
0.485 1.74134
0.486 1.74382
0.487 1.7463
0.488 1.74877
0.489 1.75123
0.49 1.75368
0.491 1.75613
0.492 1.75856
0.493 1.76099
0.494 1.76341
0.495 1.76583
0.496 1.76823
0.497 1.77063
0.498 1.77302
0.499 1.7754
0.5 1.77778
0.501 1.78014
0.502 1.7825
0.503 1.78485
0.504 1.7872
0.505 1.78953
0.506 1.79186
0.507 1.79418
0.508 1.79649
0.509 1.79879
0.51 1.80108
0.511 1.80337
0.512 1.80565
0.513 1.80792
0.514 1.81018
0.515 1.81244
0.516 1.81468
0.517 1.81692
0.518 1.81915
0.519 1.82137
0.52 1.82359
0.521 1.82579
0.522 1.82799
0.523 1.83018
0.524 1.83236
0.525 1.83454
0.526 1.8367
0.527 1.83886
0.528 1.84101
0.529 1.84315
0.53 1.84528
0.531 1.8474
0.532 1.84952
0.533 1.85163
0.534 1.85373
0.535 1.85582
0.536 1.8579
0.537 1.85998
0.538 1.86204
0.539 1.8641
0.54 1.86615
0.541 1.86819
0.542 1.87022
0.543 1.87225
0.544 1.87426
0.545 1.87627
0.546 1.87827
0.547 1.88026
0.548 1.88225
0.549 1.88422
0.55 1.88619
0.551 1.88814
0.552 1.89009
0.553 1.89203
0.554 1.89397
0.555 1.89589
0.556 1.89781
0.557 1.89971
0.558 1.90161
0.559 1.9035
0.56 1.90538
0.561 1.90726
0.562 1.90912
0.563 1.91098
0.564 1.91283
0.565 1.91467
0.566 1.9165
0.567 1.91832
0.568 1.92013
0.569 1.92194
0.57 1.92374
0.571 1.92553
0.572 1.92731
0.573 1.92908
0.574 1.93084
0.575 1.9326
0.576 1.93434
0.577 1.93608
0.578 1.93781
0.579 1.93953
0.58 1.94124
0.581 1.94294
0.582 1.94464
0.583 1.94633
0.584 1.948
0.585 1.94967
0.586 1.95133
0.587 1.95299
0.588 1.95463
0.589 1.95626
0.59 1.95789
0.591 1.95951
0.592 1.96112
0.593 1.96272
0.594 1.96431
0.595 1.96589
0.596 1.96747
0.597 1.96904
0.598 1.97059
0.599 1.97214
0.6 1.97368
0.601 1.97522
0.602 1.97674
0.603 1.97826
0.604 1.97976
0.605 1.98126
0.606 1.98275
0.607 1.98423
0.608 1.9857
0.609 1.98717
0.61 1.98862
0.611 1.99007
0.612 1.99151
0.613 1.99293
0.614 1.99436
0.615 1.99577
0.616 1.99717
0.617 1.99857
0.618 1.99995
0.619 2.00133
0.62 2.0027
0.621 2.00406
0.622 2.00541
0.623 2.00676
0.624 2.00809
0.625 2.00942
0.626 2.01074
0.627 2.01205
0.628 2.01335
0.629 2.01464
0.63 2.01592
0.631 2.0172
0.632 2.01847
0.633 2.01972
0.634 2.02097
0.635 2.02222
0.636 2.02345
0.637 2.02467
0.638 2.02589
0.639 2.0271
0.64 2.02829
0.641 2.02948
0.642 2.03067
0.643 2.03184
0.644 2.033
0.645 2.03416
0.646 2.03531
0.647 2.03645
0.648 2.03758
0.649 2.0387
0.65 2.03982
0.651 2.04092
0.652 2.04202
0.653 2.04311
0.654 2.04419
0.655 2.04526
0.656 2.04632
0.657 2.04738
0.658 2.04842
0.659 2.04946
0.66 2.05049
0.661 2.05151
0.662 2.05253
0.663 2.05353
0.664 2.05453
0.665 2.05551
0.666 2.05649
0.667 2.05747
0.668 2.05843
0.669 2.05938
0.67 2.06033
0.671 2.06127
0.672 2.0622
0.673 2.06312
0.674 2.06403
0.675 2.06494
0.676 2.06583
0.677 2.06672
0.678 2.0676
0.679 2.06847
0.68 2.06933
0.681 2.07019
0.682 2.07104
0.683 2.07188
0.684 2.07271
0.685 2.07353
0.686 2.07434
0.687 2.07515
0.688 2.07595
0.689 2.07674
0.69 2.07752
0.691 2.07829
0.692 2.07906
0.693 2.07981
0.694 2.08056
0.695 2.0813
0.696 2.08203
0.697 2.08276
0.698 2.08348
0.699 2.08418
0.7 2.08488
0.701 2.08558
0.702 2.08626
0.703 2.08694
0.704 2.08761
0.705 2.08827
0.706 2.08892
0.707 2.08956
0.708 2.0902
0.709 2.09083
0.71 2.09145
0.711 2.09206
0.712 2.09266
0.713 2.09326
0.714 2.09385
0.715 2.09443
0.716 2.095
0.717 2.09557
0.718 2.09613
0.719 2.09668
0.72 2.09722
0.721 2.09775
0.722 2.09828
0.723 2.0988
0.724 2.09931
0.725 2.09981
0.726 2.1003
0.727 2.10079
0.728 2.10127
0.729 2.10174
0.73 2.10221
0.731 2.10266
0.732 2.10311
0.733 2.10355
0.734 2.10399
0.735 2.10441
0.736 2.10483
0.737 2.10524
0.738 2.10564
0.739 2.10604
0.74 2.10643
0.741 2.10681
0.742 2.10718
0.743 2.10754
0.744 2.1079
0.745 2.10825
0.746 2.10859
0.747 2.10893
0.748 2.10926
0.749 2.10958
0.75 2.10989
0.751 2.1102
0.752 2.11049
0.753 2.11078
0.754 2.11107
0.755 2.11134
0.756 2.11161
0.757 2.11187
0.758 2.11213
0.759 2.11237
0.76 2.11261
0.761 2.11285
0.762 2.11307
0.763 2.11329
0.764 2.1135
0.765 2.1137
0.766 2.1139
0.767 2.11409
0.768 2.11427
0.769 2.11444
0.77 2.11461
0.771 2.11477
0.772 2.11492
0.773 2.11507
0.774 2.11521
0.775 2.11534
0.776 2.11547
0.777 2.11558
0.778 2.1157
0.779 2.1158
0.78 2.1159
0.781 2.11599
0.782 2.11607
0.783 2.11615
0.784 2.11622
0.785 2.11628
0.786 2.11633
0.787 2.11638
0.788 2.11643
0.789 2.11646
0.79 2.11649
0.791 2.11651
0.792 2.11653
0.793 2.11653
0.794 2.11653
0.795 2.11653
0.796 2.11652
0.797 2.1165
0.798 2.11647
0.799 2.11644
0.8 2.1164
0.801 2.11636
0.802 2.1163
0.803 2.11625
0.804 2.11618
0.805 2.11611
0.806 2.11603
0.807 2.11595
0.808 2.11586
0.809 2.11576
0.81 2.11565
0.811 2.11554
0.812 2.11543
0.813 2.1153
0.814 2.11517
0.815 2.11504
0.816 2.1149
0.817 2.11475
0.818 2.11459
0.819 2.11443
0.82 2.11426
0.821 2.11409
0.822 2.11391
0.823 2.11372
0.824 2.11353
0.825 2.11333
0.826 2.11313
0.827 2.11292
0.828 2.1127
0.829 2.11247
0.83 2.11225
0.831 2.11201
0.832 2.11177
0.833 2.11152
0.834 2.11127
0.835 2.11101
0.836 2.11074
0.837 2.11047
0.838 2.11019
0.839 2.10991
0.84 2.10962
0.841 2.10932
0.842 2.10902
0.843 2.10872
0.844 2.1084
0.845 2.10808
0.846 2.10776
0.847 2.10743
0.848 2.10709
0.849 2.10675
0.85 2.1064
0.851 2.10605
0.852 2.10569
0.853 2.10533
0.854 2.10496
0.855 2.10458
0.856 2.1042
0.857 2.10381
0.858 2.10342
0.859 2.10302
0.86 2.10262
0.861 2.10221
0.862 2.10179
0.863 2.10137
0.864 2.10095
0.865 2.10052
0.866 2.10008
0.867 2.09964
0.868 2.09919
0.869 2.09874
0.87 2.09828
0.871 2.09781
0.872 2.09735
0.873 2.09687
0.874 2.09639
0.875 2.09591
0.876 2.09542
0.877 2.09492
0.878 2.09442
0.879 2.09391
0.88 2.0934
0.881 2.09289
0.882 2.09237
0.883 2.09184
0.884 2.09131
0.885 2.09077
0.886 2.09023
0.887 2.08968
0.888 2.08913
0.889 2.08858
0.89 2.08801
0.891 2.08745
0.892 2.08688
0.893 2.0863
0.894 2.08572
0.895 2.08513
0.896 2.08454
0.897 2.08395
0.898 2.08334
0.899 2.08274
0.9 2.08213
0.901 2.08151
0.902 2.08089
0.903 2.08027
0.904 2.07964
0.905 2.079
0.906 2.07837
0.907 2.07772
0.908 2.07707
0.909 2.07642
0.91 2.07576
0.911 2.0751
0.912 2.07444
0.913 2.07376
0.914 2.07309
0.915 2.07241
0.916 2.07172
0.917 2.07103
0.918 2.07034
0.919 2.06964
0.92 2.06894
0.921 2.06823
0.922 2.06752
0.923 2.06681
0.924 2.06609
0.925 2.06536
0.926 2.06463
0.927 2.0639
0.928 2.06316
0.929 2.06242
0.93 2.06168
0.931 2.06093
0.932 2.06017
0.933 2.05941
0.934 2.05865
0.935 2.05788
0.936 2.05711
0.937 2.05634
0.938 2.05556
0.939 2.05478
0.94 2.05399
0.941 2.0532
0.942 2.0524
0.943 2.0516
0.944 2.0508
0.945 2.04999
0.946 2.04918
0.947 2.04837
0.948 2.04755
0.949 2.04672
0.95 2.0459
0.951 2.04507
0.952 2.04423
0.953 2.04339
0.954 2.04255
0.955 2.04171
0.956 2.04086
0.957 2.04
0.958 2.03915
0.959 2.03829
0.96 2.03742
0.961 2.03655
0.962 2.03568
0.963 2.0348
0.964 2.03393
0.965 2.03304
0.966 2.03216
0.967 2.03127
0.968 2.03037
0.969 2.02948
0.97 2.02857
0.971 2.02767
0.972 2.02676
0.973 2.02585
0.974 2.02494
0.975 2.02402
0.976 2.0231
0.977 2.02217
0.978 2.02124
0.979 2.02031
0.98 2.01938
0.981 2.01844
0.982 2.0175
0.983 2.01655
0.984 2.0156
0.985 2.01465
0.986 2.0137
0.987 2.01274
0.988 2.01178
0.989 2.01081
0.99 2.00985
0.991 2.00888
0.992 2.0079
0.993 2.00693
0.994 2.00595
0.995 2.00496
0.996 2.00398
0.997 2.00299
0.998 2.00199
0.999 2.001
1 2
1.001 1.999
1.002 1.99799
1.003 1.99699
1.004 1.99598
1.005 1.99496
1.006 1.99395
1.007 1.99293
1.008 1.99191
1.009 1.99088
1.01 1.98985
1.011 1.98882
1.012 1.98779
1.013 1.98675
1.014 1.98571
1.015 1.98467
1.016 1.98363
1.017 1.98258
1.018 1.98153
1.019 1.98048
1.02 1.97942
1.021 1.97836
1.022 1.9773
1.023 1.97624
1.024 1.97517
1.025 1.9741
1.026 1.97303
1.027 1.97196
1.028 1.97088
1.029 1.9698
1.03 1.96872
1.031 1.96764
1.032 1.96655
1.033 1.96546
1.034 1.96437
1.035 1.96328
1.036 1.96218
1.037 1.96108
1.038 1.95998
1.039 1.95888
1.04 1.95777
1.041 1.95666
1.042 1.95555
1.043 1.95444
1.044 1.95332
1.045 1.95221
1.046 1.95109
1.047 1.94997
1.048 1.94884
1.049 1.94771
1.05 1.94658
1.051 1.94545
1.052 1.94432
1.053 1.94318
1.054 1.94205
1.055 1.94091
1.056 1.93976
1.057 1.93862
1.058 1.93747
1.059 1.93633
1.06 1.93518
1.061 1.93402
1.062 1.93287
1.063 1.93171
1.064 1.93055
1.065 1.92939
1.066 1.92823
1.067 1.92706
1.068 1.9259
1.069 1.92473
1.07 1.92356
1.071 1.92239
1.072 1.92121
1.073 1.92003
1.074 1.91886
1.075 1.91768
1.076 1.91649
1.077 1.91531
1.078 1.91412
1.079 1.91294
1.08 1.91175
1.081 1.91056
1.082 1.90936
1.083 1.90817
1.084 1.90697
1.085 1.90577
1.086 1.90457
1.087 1.90337
1.088 1.90217
1.089 1.90096
1.09 1.89976
1.091 1.89855
1.092 1.89734
1.093 1.89613
1.094 1.89491
1.095 1.8937
1.096 1.89248
1.097 1.89127
1.098 1.89005
1.099 1.88882
1.1 1.8876
1.101 1.88638
1.102 1.88515
1.103 1.88392
1.104 1.8827
1.105 1.88147
1.106 1.88023
1.107 1.879
1.108 1.87777
1.109 1.87653
1.11 1.87529
1.111 1.87405
1.112 1.87281
1.113 1.87157
1.114 1.87033
1.115 1.86908
1.116 1.86784
1.117 1.86659
1.118 1.86534
1.119 1.86409
1.12 1.86284
1.121 1.86159
1.122 1.86034
1.123 1.85908
1.124 1.85782
1.125 1.85657
1.126 1.85531
1.127 1.85405
1.128 1.85279
1.129 1.85153
1.13 1.85026
1.131 1.849
1.132 1.84773
1.133 1.84647
1.134 1.8452
1.135 1.84393
1.136 1.84266
1.137 1.84139
1.138 1.84011
1.139 1.83884
1.14 1.83757
1.141 1.83629
1.142 1.83501
1.143 1.83374
1.144 1.83246
1.145 1.83118
1.146 1.8299
1.147 1.82861
1.148 1.82733
1.149 1.82605
1.15 1.82476
1.151 1.82348
1.152 1.82219
1.153 1.8209
1.154 1.81962
1.155 1.81833
1.156 1.81704
1.157 1.81574
1.158 1.81445
1.159 1.81316
1.16 1.81187
1.161 1.81057
1.162 1.80928
1.163 1.80798
1.164 1.80668
1.165 1.80538
1.166 1.80409
1.167 1.80279
1.168 1.80149
1.169 1.80019
1.17 1.79888
1.171 1.79758
1.172 1.79628
1.173 1.79497
1.174 1.79367
1.175 1.79236
1.176 1.79106
1.177 1.78975
1.178 1.78844
1.179 1.78714
1.18 1.78583
1.181 1.78452
1.182 1.78321
1.183 1.7819
1.184 1.78059
1.185 1.77927
1.186 1.77796
1.187 1.77665
1.188 1.77534
1.189 1.77402
1.19 1.77271
1.191 1.77139
1.192 1.77008
1.193 1.76876
1.194 1.76744
1.195 1.76613
1.196 1.76481
1.197 1.76349
1.198 1.76217
1.199 1.76085
1.2 1.75953
1.201 1.75821
1.202 1.75689
1.203 1.75557
1.204 1.75425
1.205 1.75292
1.206 1.7516
1.207 1.75028
1.208 1.74896
1.209 1.74763
1.21 1.74631
1.211 1.74498
1.212 1.74366
1.213 1.74233
1.214 1.74101
1.215 1.73968
1.216 1.73836
1.217 1.73703
1.218 1.7357
1.219 1.73438
1.22 1.73305
1.221 1.73172
1.222 1.73039
1.223 1.72906
1.224 1.72774
1.225 1.72641
1.226 1.72508
1.227 1.72375
1.228 1.72242
1.229 1.72109
1.23 1.71976
1.231 1.71843
1.232 1.7171
1.233 1.71577
1.234 1.71444
1.235 1.7131
1.236 1.71177
1.237 1.71044
1.238 1.70911
1.239 1.70778
1.24 1.70645
1.241 1.70512
1.242 1.70378
1.243 1.70245
1.244 1.70112
1.245 1.69979
1.246 1.69845
1.247 1.69712
1.248 1.69579
1.249 1.69445
1.25 1.69312
1.251 1.69179
1.252 1.69046
1.253 1.68912
1.254 1.68779
1.255 1.68646
1.256 1.68512
1.257 1.68379
1.258 1.68246
1.259 1.68112
1.26 1.67979
1.261 1.67846
1.262 1.67712
1.263 1.67579
1.264 1.67446
1.265 1.67312
1.266 1.67179
1.267 1.67046
1.268 1.66912
1.269 1.66779
1.27 1.66646
1.271 1.66512
1.272 1.66379
1.273 1.66246
1.274 1.66113
1.275 1.65979
1.276 1.65846
1.277 1.65713
1.278 1.6558
1.279 1.65446
1.28 1.65313
1.281 1.6518
1.282 1.65047
1.283 1.64914
1.284 1.6478
1.285 1.64647
1.286 1.64514
1.287 1.64381
1.288 1.64248
1.289 1.64115
1.29 1.63982
1.291 1.63849
1.292 1.63716
1.293 1.63583
1.294 1.6345
1.295 1.63317
1.296 1.63184
1.297 1.63051
1.298 1.62918
1.299 1.62785
1.3 1.62652
1.301 1.6252
1.302 1.62387
1.303 1.62254
1.304 1.62121
1.305 1.61989
1.306 1.61856
1.307 1.61723
1.308 1.61591
1.309 1.61458
1.31 1.61326
1.311 1.61193
1.312 1.6106
1.313 1.60928
1.314 1.60796
1.315 1.60663
1.316 1.60531
1.317 1.60398
1.318 1.60266
1.319 1.60134
1.32 1.60002
1.321 1.59869
1.322 1.59737
1.323 1.59605
1.324 1.59473
1.325 1.59341
1.326 1.59209
1.327 1.59077
1.328 1.58945
1.329 1.58813
1.33 1.58681
1.331 1.58549
1.332 1.58417
1.333 1.58286
1.334 1.58154
1.335 1.58022
1.336 1.57891
1.337 1.57759
1.338 1.57628
1.339 1.57496
1.34 1.57365
1.341 1.57233
1.342 1.57102
1.343 1.5697
1.344 1.56839
1.345 1.56708
1.346 1.56577
1.347 1.56446
1.348 1.56314
1.349 1.56183
1.35 1.56052
1.351 1.55922
1.352 1.55791
1.353 1.5566
1.354 1.55529
1.355 1.55398
1.356 1.55268
1.357 1.55137
1.358 1.55006
1.359 1.54876
1.36 1.54745
1.361 1.54615
1.362 1.54484
1.363 1.54354
1.364 1.54224
1.365 1.54094
1.366 1.53963
1.367 1.53833
1.368 1.53703
1.369 1.53573
1.37 1.53443
1.371 1.53313
1.372 1.53184
1.373 1.53054
1.374 1.52924
1.375 1.52794
1.376 1.52665
1.377 1.52535
1.378 1.52406
1.379 1.52276
1.38 1.52147
1.381 1.52018
1.382 1.51888
1.383 1.51759
1.384 1.5163
1.385 1.51501
1.386 1.51372
1.387 1.51243
1.388 1.51114
1.389 1.50985
1.39 1.50857
1.391 1.50728
1.392 1.50599
1.393 1.50471
1.394 1.50342
1.395 1.50214
1.396 1.50085
1.397 1.49957
1.398 1.49829
1.399 1.49701
1.4 1.49573
1.401 1.49445
1.402 1.49317
1.403 1.49189
1.404 1.49061
1.405 1.48933
1.406 1.48805
1.407 1.48678
1.408 1.4855
1.409 1.48423
1.41 1.48295
1.411 1.48168
1.412 1.48041
1.413 1.47914
1.414 1.47786
1.415 1.47659
1.416 1.47532
1.417 1.47405
1.418 1.47279
1.419 1.47152
1.42 1.47025
1.421 1.46898
1.422 1.46772
1.423 1.46645
1.424 1.46519
1.425 1.46393
1.426 1.46266
1.427 1.4614
1.428 1.46014
1.429 1.45888
1.43 1.45762
1.431 1.45636
1.432 1.4551
1.433 1.45384
1.434 1.45259
1.435 1.45133
1.436 1.45008
1.437 1.44882
1.438 1.44757
1.439 1.44632
1.44 1.44506
1.441 1.44381
1.442 1.44256
1.443 1.44131
1.444 1.44006
1.445 1.43881
1.446 1.43757
1.447 1.43632
1.448 1.43507
1.449 1.43383
1.45 1.43259
1.451 1.43134
1.452 1.4301
1.453 1.42886
1.454 1.42762
1.455 1.42638
1.456 1.42514
1.457 1.4239
1.458 1.42266
1.459 1.42142
1.46 1.42019
1.461 1.41895
1.462 1.41772
1.463 1.41648
1.464 1.41525
1.465 1.41402
1.466 1.41279
1.467 1.41156
1.468 1.41033
1.469 1.4091
1.47 1.40787
1.471 1.40664
1.472 1.40542
1.473 1.40419
1.474 1.40297
1.475 1.40174
1.476 1.40052
1.477 1.3993
1.478 1.39808
1.479 1.39686
1.48 1.39564
1.481 1.39442
1.482 1.3932
1.483 1.39198
1.484 1.39077
1.485 1.38955
1.486 1.38834
1.487 1.38712
1.488 1.38591
1.489 1.3847
1.49 1.38349
1.491 1.38228
1.492 1.38107
1.493 1.37986
1.494 1.37865
1.495 1.37745
1.496 1.37624
1.497 1.37504
1.498 1.37383
1.499 1.37263
1.5 1.37143
1.501 1.37023
1.502 1.36903
1.503 1.36783
1.504 1.36663
1.505 1.36543
1.506 1.36423
1.507 1.36304
1.508 1.36184
1.509 1.36065
1.51 1.35946
1.511 1.35826
1.512 1.35707
1.513 1.35588
1.514 1.35469
1.515 1.3535
1.516 1.35232
1.517 1.35113
1.518 1.34994
1.519 1.34876
1.52 1.34758
1.521 1.34639
1.522 1.34521
1.523 1.34403
1.524 1.34285
1.525 1.34167
1.526 1.34049
1.527 1.33931
1.528 1.33814
1.529 1.33696
1.53 1.33578
1.531 1.33461
1.532 1.33344
1.533 1.33227
1.534 1.33109
1.535 1.32992
1.536 1.32875
1.537 1.32759
1.538 1.32642
1.539 1.32525
1.54 1.32409
1.541 1.32292
1.542 1.32176
1.543 1.3206
1.544 1.31943
1.545 1.31827
1.546 1.31711
1.547 1.31595
1.548 1.3148
1.549 1.31364
1.55 1.31248
1.551 1.31133
1.552 1.31017
1.553 1.30902
1.554 1.30787
1.555 1.30671
1.556 1.30556
1.557 1.30441
1.558 1.30327
1.559 1.30212
1.56 1.30097
1.561 1.29983
1.562 1.29868
1.563 1.29754
1.564 1.29639
1.565 1.29525
1.566 1.29411
1.567 1.29297
1.568 1.29183
1.569 1.29069
1.57 1.28956
1.571 1.28842
1.572 1.28728
1.573 1.28615
1.574 1.28502
1.575 1.28388
1.576 1.28275
1.577 1.28162
1.578 1.28049
1.579 1.27936
1.58 1.27824
1.581 1.27711
1.582 1.27598
1.583 1.27486
1.584 1.27374
1.585 1.27261
1.586 1.27149
1.587 1.27037
1.588 1.26925
1.589 1.26813
1.59 1.26701
1.591 1.2659
1.592 1.26478
1.593 1.26367
1.594 1.26255
1.595 1.26144
1.596 1.26033
1.597 1.25921
1.598 1.2581
1.599 1.257
1.6 1.25589
1.601 1.25478
1.602 1.25367
1.603 1.25257
1.604 1.25146
1.605 1.25036
1.606 1.24926
1.607 1.24816
1.608 1.24706
1.609 1.24596
1.61 1.24486
1.611 1.24376
1.612 1.24266
1.613 1.24157
1.614 1.24047
1.615 1.23938
1.616 1.23829
1.617 1.2372
1.618 1.23611
1.619 1.23502
1.62 1.23393
1.621 1.23284
1.622 1.23175
1.623 1.23067
1.624 1.22958
1.625 1.2285
1.626 1.22741
1.627 1.22633
1.628 1.22525
1.629 1.22417
1.63 1.22309
1.631 1.22202
1.632 1.22094
1.633 1.21986
1.634 1.21879
1.635 1.21771
1.636 1.21664
1.637 1.21557
1.638 1.2145
1.639 1.21343
1.64 1.21236
1.641 1.21129
1.642 1.21022
1.643 1.20916
1.644 1.20809
1.645 1.20703
1.646 1.20596
1.647 1.2049
1.648 1.20384
1.649 1.20278
1.65 1.20172
1.651 1.20066
1.652 1.19961
1.653 1.19855
1.654 1.19749
1.655 1.19644
1.656 1.19539
1.657 1.19433
1.658 1.19328
1.659 1.19223
1.66 1.19118
1.661 1.19013
1.662 1.18909
1.663 1.18804
1.664 1.18699
1.665 1.18595
1.666 1.18491
1.667 1.18386
1.668 1.18282
1.669 1.18178
1.67 1.18074
1.671 1.1797
1.672 1.17866
1.673 1.17763
1.674 1.17659
1.675 1.17556
1.676 1.17452
1.677 1.17349
1.678 1.17246
1.679 1.17143
1.68 1.1704
1.681 1.16937
1.682 1.16834
1.683 1.16732
1.684 1.16629
1.685 1.16526
1.686 1.16424
1.687 1.16322
1.688 1.1622
1.689 1.16117
1.69 1.16015
1.691 1.15914
1.692 1.15812
1.693 1.1571
1.694 1.15608
1.695 1.15507
1.696 1.15406
1.697 1.15304
1.698 1.15203
1.699 1.15102
1.7 1.15001
1.701 1.149
1.702 1.14799
1.703 1.14698
1.704 1.14598
1.705 1.14497
1.706 1.14397
1.707 1.14296
1.708 1.14196
1.709 1.14096
1.71 1.13996
1.711 1.13896
1.712 1.13796
1.713 1.13696
1.714 1.13597
1.715 1.13497
1.716 1.13398
1.717 1.13298
1.718 1.13199
1.719 1.131
1.72 1.13001
1.721 1.12902
1.722 1.12803
1.723 1.12704
1.724 1.12606
1.725 1.12507
1.726 1.12408
1.727 1.1231
1.728 1.12212
1.729 1.12114
1.73 1.12015
1.731 1.11917
1.732 1.1182
1.733 1.11722
1.734 1.11624
1.735 1.11526
1.736 1.11429
1.737 1.11331
1.738 1.11234
1.739 1.11137
1.74 1.1104
1.741 1.10943
1.742 1.10846
1.743 1.10749
1.744 1.10652
1.745 1.10556
1.746 1.10459
1.747 1.10363
1.748 1.10266
1.749 1.1017
1.75 1.10074
1.751 1.09978
1.752 1.09882
1.753 1.09786
1.754 1.0969
1.755 1.09594
1.756 1.09499
1.757 1.09403
1.758 1.09308
1.759 1.09212
1.76 1.09117
1.761 1.09022
1.762 1.08927
1.763 1.08832
1.764 1.08737
1.765 1.08643
1.766 1.08548
1.767 1.08453
1.768 1.08359
1.769 1.08265
1.77 1.0817
1.771 1.08076
1.772 1.07982
1.773 1.07888
1.774 1.07794
1.775 1.077
1.776 1.07607
1.777 1.07513
1.778 1.0742
1.779 1.07326
1.78 1.07233
1.781 1.0714
1.782 1.07047
1.783 1.06954
1.784 1.06861
1.785 1.06768
1.786 1.06675
1.787 1.06582
1.788 1.0649
1.789 1.06397
1.79 1.06305
1.791 1.06213
1.792 1.06121
1.793 1.06028
1.794 1.05936
1.795 1.05845
1.796 1.05753
1.797 1.05661
1.798 1.05569
1.799 1.05478
1.8 1.05386
1.801 1.05295
1.802 1.05204
1.803 1.05113
1.804 1.05022
1.805 1.04931
1.806 1.0484
1.807 1.04749
1.808 1.04658
1.809 1.04568
1.81 1.04477
1.811 1.04387
1.812 1.04296
1.813 1.04206
1.814 1.04116
1.815 1.04026
1.816 1.03936
1.817 1.03846
1.818 1.03757
1.819 1.03667
1.82 1.03577
1.821 1.03488
1.822 1.03398
1.823 1.03309
1.824 1.0322
1.825 1.03131
1.826 1.03042
1.827 1.02953
1.828 1.02864
1.829 1.02775
1.83 1.02687
1.831 1.02598
1.832 1.0251
1.833 1.02421
1.834 1.02333
1.835 1.02245
1.836 1.02157
1.837 1.02069
1.838 1.01981
1.839 1.01893
1.84 1.01805
1.841 1.01717
1.842 1.0163
1.843 1.01542
1.844 1.01455
1.845 1.01368
1.846 1.0128
1.847 1.01193
1.848 1.01106
1.849 1.01019
1.85 1.00933
1.851 1.00846
1.852 1.00759
1.853 1.00673
1.854 1.00586
1.855 1.005
1.856 1.00413
1.857 1.00327
1.858 1.00241
1.859 1.00155
1.86 1.00069
1.861 0.999833
1.862 0.998976
1.863 0.998119
1.864 0.997263
1.865 0.996408
1.866 0.995554
1.867 0.994701
1.868 0.993849
1.869 0.992998
1.87 0.992147
1.871 0.991298
1.872 0.990449
1.873 0.989601
1.874 0.988754
1.875 0.987908
1.876 0.987063
1.877 0.986219
1.878 0.985376
1.879 0.984533
1.88 0.983692
1.881 0.982851
1.882 0.982011
1.883 0.981172
1.884 0.980334
1.885 0.979497
1.886 0.978661
1.887 0.977825
1.888 0.976991
1.889 0.976157
1.89 0.975324
1.891 0.974492
1.892 0.973661
1.893 0.972831
1.894 0.972002
1.895 0.971173
1.896 0.970346
1.897 0.969519
1.898 0.968693
1.899 0.967868
1.9 0.967044
1.901 0.966221
1.902 0.965399
1.903 0.964577
1.904 0.963756
1.905 0.962937
1.906 0.962118
1.907 0.9613
1.908 0.960483
1.909 0.959666
1.91 0.958851
1.911 0.958036
1.912 0.957223
1.913 0.95641
1.914 0.955598
1.915 0.954787
1.916 0.953976
1.917 0.953167
1.918 0.952358
1.919 0.95155
1.92 0.950744
1.921 0.949938
1.922 0.949132
1.923 0.948328
1.924 0.947525
1.925 0.946722
1.926 0.94592
1.927 0.945119
1.928 0.944319
1.929 0.94352
1.93 0.942721
1.931 0.941924
1.932 0.941127
1.933 0.940331
1.934 0.939536
1.935 0.938742
1.936 0.937949
1.937 0.937156
1.938 0.936365
1.939 0.935574
1.94 0.934784
1.941 0.933995
1.942 0.933206
1.943 0.932419
1.944 0.931632
1.945 0.930847
1.946 0.930062
1.947 0.929277
1.948 0.928494
1.949 0.927712
1.95 0.92693
1.951 0.926149
1.952 0.925369
1.953 0.92459
1.954 0.923812
1.955 0.923034
1.956 0.922258
1.957 0.921482
1.958 0.920707
1.959 0.919932
1.96 0.919159
1.961 0.918386
1.962 0.917615
1.963 0.916844
1.964 0.916074
1.965 0.915304
1.966 0.914536
1.967 0.913768
1.968 0.913001
1.969 0.912235
1.97 0.91147
1.971 0.910706
1.972 0.909942
1.973 0.909179
1.974 0.908418
1.975 0.907656
1.976 0.906896
1.977 0.906137
1.978 0.905378
1.979 0.90462
1.98 0.903863
1.981 0.903106
1.982 0.902351
1.983 0.901596
1.984 0.900842
1.985 0.900089
1.986 0.899337
1.987 0.898586
1.988 0.897835
1.989 0.897085
1.99 0.896336
1.991 0.895588
1.992 0.89484
1.993 0.894093
1.994 0.893348
1.995 0.892602
1.996 0.891858
1.997 0.891115
1.998 0.890372
1.999 0.88963
2 0.888889
2.001 0.888149
2.002 0.887409
2.003 0.88667
2.004 0.885932
2.005 0.885195
2.006 0.884459
2.007 0.883723
2.008 0.882988
2.009 0.882254
2.01 0.881521
2.011 0.880788
2.012 0.880057
2.013 0.879326
2.014 0.878596
2.015 0.877866
2.016 0.877138
2.017 0.87641
2.018 0.875683
2.019 0.874957
2.02 0.874231
2.021 0.873506
2.022 0.872782
2.023 0.872059
2.024 0.871337
2.025 0.870615
2.026 0.869894
2.027 0.869174
2.028 0.868455
2.029 0.867736
2.03 0.867019
2.031 0.866302
2.032 0.865585
2.033 0.86487
2.034 0.864155
2.035 0.863441
2.036 0.862728
2.037 0.862016
2.038 0.861304
2.039 0.860593
2.04 0.859883
2.041 0.859174
2.042 0.858465
2.043 0.857757
2.044 0.85705
2.045 0.856344
2.046 0.855638
2.047 0.854933
2.048 0.854229
2.049 0.853526
2.05 0.852823
2.051 0.852121
2.052 0.85142
2.053 0.85072
2.054 0.85002
2.055 0.849321
2.056 0.848623
2.057 0.847926
2.058 0.847229
2.059 0.846533
2.06 0.845838
2.061 0.845144
2.062 0.84445
2.063 0.843757
2.064 0.843065
2.065 0.842374
2.066 0.841683
2.067 0.840993
2.068 0.840304
2.069 0.839615
2.07 0.838928
2.071 0.838241
2.072 0.837554
2.073 0.836869
2.074 0.836184
2.075 0.8355
2.076 0.834817
2.077 0.834134
2.078 0.833452
2.079 0.832771
2.08 0.832091
2.081 0.831411
2.082 0.830732
2.083 0.830054
2.084 0.829376
2.085 0.828699
2.086 0.828023
2.087 0.827348
2.088 0.826673
2.089 0.825999
2.09 0.825326
2.091 0.824654
2.092 0.823982
2.093 0.823311
2.094 0.822641
2.095 0.821971
2.096 0.821302
2.097 0.820634
2.098 0.819966
2.099 0.8193
2.1 0.818634
2.101 0.817968
2.102 0.817304
2.103 0.81664
2.104 0.815977
2.105 0.815314
2.106 0.814652
2.107 0.813991
2.108 0.813331
2.109 0.812671
2.11 0.812012
2.111 0.811354
2.112 0.810697
2.113 0.81004
2.114 0.809384
2.115 0.808728
2.116 0.808073
2.117 0.807419
2.118 0.806766
2.119 0.806113
2.12 0.805461
2.121 0.80481
2.122 0.80416
2.123 0.80351
2.124 0.80286
2.125 0.802212
2.126 0.801564
2.127 0.800917
2.128 0.800271
2.129 0.799625
2.13 0.79898
2.131 0.798336
2.132 0.797692
2.133 0.797049
2.134 0.796407
2.135 0.795765
2.136 0.795124
2.137 0.794484
2.138 0.793844
2.139 0.793206
2.14 0.792567
2.141 0.79193
2.142 0.791293
2.143 0.790657
2.144 0.790021
2.145 0.789387
2.146 0.788753
2.147 0.788119
2.148 0.787486
2.149 0.786854
2.15 0.786223
2.151 0.785592
2.152 0.784962
2.153 0.784333
2.154 0.783704
2.155 0.783076
2.156 0.782448
2.157 0.781822
2.158 0.781196
2.159 0.78057
2.16 0.779946
2.161 0.779322
2.162 0.778698
2.163 0.778075
2.164 0.777453
2.165 0.776832
2.166 0.776211
2.167 0.775591
2.168 0.774972
2.169 0.774353
2.17 0.773735
2.171 0.773117
2.172 0.772501
2.173 0.771885
2.174 0.771269
2.175 0.770654
2.176 0.77004
2.177 0.769427
2.178 0.768814
2.179 0.768202
2.18 0.76759
2.181 0.766979
2.182 0.766369
2.183 0.765759
2.184 0.76515
2.185 0.764542
2.186 0.763934
2.187 0.763327
2.188 0.762721
2.189 0.762115
2.19 0.76151
2.191 0.760906
2.192 0.760302
2.193 0.759699
2.194 0.759096
2.195 0.758494
2.196 0.757893
2.197 0.757292
2.198 0.756693
2.199 0.756093
2.2 0.755495
2.201 0.754896
2.202 0.754299
2.203 0.753702
2.204 0.753106
2.205 0.752511
2.206 0.751916
2.207 0.751321
2.208 0.750728
2.209 0.750135
2.21 0.749542
2.211 0.748951
2.212 0.74836
2.213 0.747769
2.214 0.747179
2.215 0.74659
2.216 0.746001
2.217 0.745414
2.218 0.744826
2.219 0.744239
2.22 0.743653
2.221 0.743068
2.222 0.742483
2.223 0.741899
2.224 0.741315
2.225 0.740732
2.226 0.74015
2.227 0.739568
2.228 0.738987
2.229 0.738406
2.23 0.737826
2.231 0.737247
2.232 0.736668
2.233 0.73609
2.234 0.735513
2.235 0.734936
2.236 0.73436
2.237 0.733784
2.238 0.733209
2.239 0.732634
2.24 0.732061
2.241 0.731487
2.242 0.730915
2.243 0.730343
2.244 0.729771
2.245 0.729201
2.246 0.72863
2.247 0.728061
2.248 0.727492
2.249 0.726923
2.25 0.726356
2.251 0.725788
2.252 0.725222
2.253 0.724656
2.254 0.72409
2.255 0.723526
2.256 0.722961
2.257 0.722398
2.258 0.721835
2.259 0.721272
2.26 0.720711
2.261 0.720149
2.262 0.719589
2.263 0.719029
2.264 0.718469
2.265 0.71791
2.266 0.717352
2.267 0.716794
2.268 0.716237
2.269 0.715681
2.27 0.715125
2.271 0.71457
2.272 0.714015
2.273 0.713461
2.274 0.712907
2.275 0.712354
2.276 0.711802
2.277 0.71125
2.278 0.710699
2.279 0.710148
2.28 0.709598
2.281 0.709048
2.282 0.708499
2.283 0.707951
2.284 0.707403
2.285 0.706856
2.286 0.706309
2.287 0.705763
2.288 0.705218
2.289 0.704673
2.29 0.704129
2.291 0.703585
2.292 0.703042
2.293 0.702499
2.294 0.701957
2.295 0.701415
2.296 0.700874
2.297 0.700334
2.298 0.699794
2.299 0.699255
2.3 0.698716
2.301 0.698178
2.302 0.697641
2.303 0.697104
2.304 0.696568
2.305 0.696032
2.306 0.695496
2.307 0.694962
2.308 0.694428
2.309 0.693894
2.31 0.693361
2.311 0.692829
2.312 0.692297
2.313 0.691765
2.314 0.691235
2.315 0.690704
2.316 0.690175
2.317 0.689645
2.318 0.689117
2.319 0.688589
2.32 0.688061
2.321 0.687535
2.322 0.687008
2.323 0.686482
2.324 0.685957
2.325 0.685432
2.326 0.684908
2.327 0.684385
2.328 0.683862
2.329 0.683339
2.33 0.682817
2.331 0.682296
2.332 0.681775
2.333 0.681254
2.334 0.680735
2.335 0.680215
2.336 0.679697
2.337 0.679178
2.338 0.678661
2.339 0.678144
2.34 0.677627
2.341 0.677111
2.342 0.676596
2.343 0.676081
2.344 0.675566
2.345 0.675053
2.346 0.674539
2.347 0.674026
2.348 0.673514
2.349 0.673003
2.35 0.672491
2.351 0.671981
2.352 0.671471
2.353 0.670961
2.354 0.670452
2.355 0.669943
2.356 0.669435
2.357 0.668928
2.358 0.668421
2.359 0.667915
2.36 0.667409
2.361 0.666903
2.362 0.666399
2.363 0.665894
2.364 0.66539
2.365 0.664887
2.366 0.664384
2.367 0.663882
2.368 0.663381
2.369 0.662879
2.37 0.662379
2.371 0.661879
2.372 0.661379
2.373 0.66088
2.374 0.660381
2.375 0.659883
2.376 0.659386
2.377 0.658889
2.378 0.658392
2.379 0.657896
2.38 0.657401
2.381 0.656906
2.382 0.656411
2.383 0.655917
2.384 0.655424
2.385 0.654931
2.386 0.654439
2.387 0.653947
2.388 0.653455
2.389 0.652965
2.39 0.652474
2.391 0.651984
2.392 0.651495
2.393 0.651006
2.394 0.650518
2.395 0.65003
2.396 0.649543
2.397 0.649056
2.398 0.64857
2.399 0.648084
2.4 0.647598
2.401 0.647114
2.402 0.646629
2.403 0.646146
2.404 0.645662
2.405 0.645179
2.406 0.644697
2.407 0.644215
2.408 0.643734
2.409 0.643253
2.41 0.642773
2.411 0.642293
2.412 0.641814
2.413 0.641335
2.414 0.640857
2.415 0.640379
2.416 0.639901
2.417 0.639425
2.418 0.638948
2.419 0.638472
2.42 0.637997
2.421 0.637522
2.422 0.637048
2.423 0.636574
2.424 0.6361
2.425 0.635627
2.426 0.635155
2.427 0.634683
2.428 0.634211
2.429 0.63374
2.43 0.63327
2.431 0.6328
2.432 0.63233
2.433 0.631861
2.434 0.631393
2.435 0.630925
2.436 0.630457
2.437 0.62999
2.438 0.629523
2.439 0.629057
2.44 0.628591
2.441 0.628126
2.442 0.627661
2.443 0.627197
2.444 0.626733
2.445 0.62627
2.446 0.625807
2.447 0.625345
2.448 0.624883
2.449 0.624421
2.45 0.62396
2.451 0.6235
2.452 0.62304
2.453 0.62258
2.454 0.622121
2.455 0.621663
2.456 0.621205
2.457 0.620747
2.458 0.62029
2.459 0.619833
2.46 0.619377
2.461 0.618921
2.462 0.618466
2.463 0.618011
2.464 0.617556
2.465 0.617103
2.466 0.616649
2.467 0.616196
2.468 0.615744
2.469 0.615292
2.47 0.61484
2.471 0.614389
2.472 0.613938
2.473 0.613488
2.474 0.613038
2.475 0.612589
2.476 0.61214
2.477 0.611692
2.478 0.611244
2.479 0.610796
2.48 0.610349
2.481 0.609903
2.482 0.609456
2.483 0.609011
2.484 0.608566
2.485 0.608121
2.486 0.607677
2.487 0.607233
2.488 0.606789
2.489 0.606346
2.49 0.605904
2.491 0.605462
2.492 0.60502
2.493 0.604579
2.494 0.604139
2.495 0.603698
2.496 0.603258
2.497 0.602819
2.498 0.60238
2.499 0.601942
2.5 0.601504
2.501 0.601066
2.502 0.600629
2.503 0.600192
2.504 0.599756
2.505 0.59932
2.506 0.598885
2.507 0.59845
2.508 0.598016
2.509 0.597582
2.51 0.597148
2.511 0.596715
2.512 0.596282
2.513 0.59585
2.514 0.595418
2.515 0.594987
2.516 0.594556
2.517 0.594125
2.518 0.593695
2.519 0.593265
2.52 0.592836
2.521 0.592407
2.522 0.591979
2.523 0.591551
2.524 0.591124
2.525 0.590697
2.526 0.59027
2.527 0.589844
2.528 0.589418
2.529 0.588993
2.53 0.588568
2.531 0.588143
2.532 0.587719
2.533 0.587296
2.534 0.586873
2.535 0.58645
2.536 0.586028
2.537 0.585606
2.538 0.585184
2.539 0.584763
2.54 0.584342
2.541 0.583922
2.542 0.583502
2.543 0.583083
2.544 0.582664
2.545 0.582246
2.546 0.581828
2.547 0.58141
2.548 0.580993
2.549 0.580576
2.55 0.580159
2.551 0.579743
2.552 0.579328
2.553 0.578913
2.554 0.578498
2.555 0.578084
2.556 0.57767
2.557 0.577256
2.558 0.576843
2.559 0.57643
2.56 0.576018
2.561 0.575606
2.562 0.575195
2.563 0.574784
2.564 0.574373
2.565 0.573963
2.566 0.573553
2.567 0.573144
2.568 0.572735
2.569 0.572327
2.57 0.571918
2.571 0.571511
2.572 0.571103
2.573 0.570696
2.574 0.57029
2.575 0.569884
2.576 0.569478
2.577 0.569073
2.578 0.568668
2.579 0.568263
2.58 0.567859
2.581 0.567456
2.582 0.567052
2.583 0.56665
2.584 0.566247
2.585 0.565845
2.586 0.565443
2.587 0.565042
2.588 0.564641
2.589 0.564241
2.59 0.563841
2.591 0.563441
2.592 0.563042
2.593 0.562643
2.594 0.562245
2.595 0.561847
2.596 0.561449
2.597 0.561052
2.598 0.560655
2.599 0.560258
2.6 0.559862
2.601 0.559466
2.602 0.559071
2.603 0.558676
2.604 0.558282
2.605 0.557888
2.606 0.557494
2.607 0.557101
2.608 0.556708
2.609 0.556315
2.61 0.555923
2.611 0.555531
2.612 0.55514
2.613 0.554749
2.614 0.554358
2.615 0.553968
2.616 0.553578
2.617 0.553189
2.618 0.5528
2.619 0.552411
2.62 0.552023
2.621 0.551635
2.622 0.551247
2.623 0.55086
2.624 0.550473
2.625 0.550087
2.626 0.549701
2.627 0.549315
2.628 0.54893
2.629 0.548545
2.63 0.548161
2.631 0.547777
2.632 0.547393
2.633 0.54701
2.634 0.546627
2.635 0.546244
2.636 0.545862
2.637 0.54548
2.638 0.545099
2.639 0.544718
2.64 0.544337
2.641 0.543957
2.642 0.543577
2.643 0.543197
2.644 0.542818
2.645 0.542439
2.646 0.542061
2.647 0.541683
2.648 0.541305
2.649 0.540928
2.65 0.540551
2.651 0.540174
2.652 0.539798
2.653 0.539422
2.654 0.539047
2.655 0.538672
2.656 0.538297
2.657 0.537923
2.658 0.537549
2.659 0.537175
2.66 0.536802
2.661 0.536429
2.662 0.536056
2.663 0.535684
2.664 0.535312
2.665 0.534941
2.666 0.53457
2.667 0.534199
2.668 0.533829
2.669 0.533459
2.67 0.533089
2.671 0.53272
2.672 0.532351
2.673 0.531983
2.674 0.531615
2.675 0.531247
2.676 0.530879
2.677 0.530512
2.678 0.530146
2.679 0.529779
2.68 0.529413
2.681 0.529048
2.682 0.528682
2.683 0.528317
2.684 0.527953
2.685 0.527589
2.686 0.527225
2.687 0.526861
2.688 0.526498
2.689 0.526135
2.69 0.525773
2.691 0.525411
2.692 0.525049
2.693 0.524688
2.694 0.524327
2.695 0.523966
2.696 0.523606
2.697 0.523246
2.698 0.522886
2.699 0.522527
2.7 0.522168
2.701 0.521809
2.702 0.521451
2.703 0.521093
2.704 0.520736
2.705 0.520379
2.706 0.520022
2.707 0.519665
2.708 0.519309
2.709 0.518953
2.71 0.518598
2.711 0.518243
2.712 0.517888
2.713 0.517534
2.714 0.51718
2.715 0.516826
2.716 0.516473
2.717 0.51612
2.718 0.515767
2.719 0.515415
2.72 0.515063
2.721 0.514711
2.722 0.51436
2.723 0.514009
2.724 0.513658
2.725 0.513308
2.726 0.512958
2.727 0.512608
2.728 0.512259
2.729 0.51191
2.73 0.511561
2.731 0.511213
2.732 0.510865
2.733 0.510517
2.734 0.51017
2.735 0.509823
2.736 0.509477
2.737 0.50913
2.738 0.508785
2.739 0.508439
2.74 0.508094
2.741 0.507749
2.742 0.507404
2.743 0.50706
2.744 0.506716
2.745 0.506372
2.746 0.506029
2.747 0.505686
2.748 0.505344
2.749 0.505001
2.75 0.504659
2.751 0.504318
2.752 0.503977
2.753 0.503636
2.754 0.503295
2.755 0.502955
2.756 0.502615
2.757 0.502275
2.758 0.501936
2.759 0.501597
2.76 0.501258
2.761 0.50092
2.762 0.500582
2.763 0.500244
2.764 0.499907
2.765 0.49957
2.766 0.499233
2.767 0.498897
2.768 0.498561
2.769 0.498225
2.77 0.49789
2.771 0.497554
2.772 0.49722
2.773 0.496885
2.774 0.496551
2.775 0.496217
2.776 0.495884
2.777 0.495551
2.778 0.495218
2.779 0.494885
2.78 0.494553
2.781 0.494221
2.782 0.493889
2.783 0.493558
2.784 0.493227
2.785 0.492897
2.786 0.492566
2.787 0.492236
2.788 0.491907
2.789 0.491577
2.79 0.491248
2.791 0.490919
2.792 0.490591
2.793 0.490263
2.794 0.489935
2.795 0.489608
2.796 0.48928
2.797 0.488954
2.798 0.488627
2.799 0.488301
2.8 0.487975
2.801 0.487649
2.802 0.487324
2.803 0.486999
2.804 0.486674
2.805 0.48635
2.806 0.486026
2.807 0.485702
2.808 0.485379
2.809 0.485055
2.81 0.484733
2.811 0.48441
2.812 0.484088
2.813 0.483766
2.814 0.483444
2.815 0.483123
2.816 0.482802
2.817 0.482481
2.818 0.482161
2.819 0.481841
2.82 0.481521
2.821 0.481202
2.822 0.480882
2.823 0.480563
2.824 0.480245
2.825 0.479927
2.826 0.479609
2.827 0.479291
2.828 0.478974
2.829 0.478657
2.83 0.47834
2.831 0.478023
2.832 0.477707
2.833 0.477391
2.834 0.477076
2.835 0.47676
2.836 0.476445
2.837 0.476131
2.838 0.475816
2.839 0.475502
2.84 0.475188
2.841 0.474875
2.842 0.474562
2.843 0.474249
2.844 0.473936
2.845 0.473624
2.846 0.473312
2.847 0.473
2.848 0.472689
2.849 0.472378
2.85 0.472067
2.851 0.471756
2.852 0.471446
2.853 0.471136
2.854 0.470826
2.855 0.470517
2.856 0.470208
2.857 0.469899
2.858 0.469591
2.859 0.469282
2.86 0.468974
2.861 0.468667
2.862 0.468359
2.863 0.468052
2.864 0.467746
2.865 0.467439
2.866 0.467133
2.867 0.466827
2.868 0.466521
2.869 0.466216
2.87 0.465911
2.871 0.465606
2.872 0.465302
2.873 0.464997
2.874 0.464694
2.875 0.46439
2.876 0.464087
2.877 0.463784
2.878 0.463481
2.879 0.463178
2.88 0.462876
2.881 0.462574
2.882 0.462272
2.883 0.461971
2.884 0.46167
2.885 0.461369
2.886 0.461069
2.887 0.460768
2.888 0.460469
2.889 0.460169
2.89 0.459869
2.891 0.45957
2.892 0.459271
2.893 0.458973
2.894 0.458675
2.895 0.458377
2.896 0.458079
2.897 0.457781
2.898 0.457484
2.899 0.457187
2.9 0.456891
2.901 0.456594
2.902 0.456298
2.903 0.456003
2.904 0.455707
2.905 0.455412
2.906 0.455117
2.907 0.454822
2.908 0.454528
2.909 0.454234
2.91 0.45394
2.911 0.453646
2.912 0.453353
2.913 0.45306
2.914 0.452767
2.915 0.452474
2.916 0.452182
2.917 0.45189
2.918 0.451599
2.919 0.451307
2.92 0.451016
2.921 0.450725
2.922 0.450434
2.923 0.450144
2.924 0.449854
2.925 0.449564
2.926 0.449275
2.927 0.448985
2.928 0.448696
2.929 0.448408
2.93 0.448119
2.931 0.447831
2.932 0.447543
2.933 0.447255
2.934 0.446968
2.935 0.446681
2.936 0.446394
2.937 0.446107
2.938 0.445821
2.939 0.445535
2.94 0.445249
2.941 0.444963
2.942 0.444678
2.943 0.444393
2.944 0.444108
2.945 0.443824
2.946 0.44354
2.947 0.443256
2.948 0.442972
2.949 0.442688
2.95 0.442405
2.951 0.442122
2.952 0.44184
2.953 0.441557
2.954 0.441275
2.955 0.440993
2.956 0.440712
2.957 0.44043
2.958 0.440149
2.959 0.439868
2.96 0.439588
2.961 0.439307
2.962 0.439027
2.963 0.438747
2.964 0.438468
2.965 0.438188
2.966 0.437909
2.967 0.437631
2.968 0.437352
2.969 0.437074
2.97 0.436796
2.971 0.436518
2.972 0.43624
2.973 0.435963
2.974 0.435686
2.975 0.435409
2.976 0.435133
2.977 0.434856
2.978 0.43458
2.979 0.434305
2.98 0.434029
2.981 0.433754
2.982 0.433479
2.983 0.433204
2.984 0.43293
2.985 0.432655
2.986 0.432381
2.987 0.432108
2.988 0.431834
2.989 0.431561
2.99 0.431288
2.991 0.431015
2.992 0.430743
2.993 0.43047
2.994 0.430198
2.995 0.429927
2.996 0.429655
2.997 0.429384
2.998 0.429113
2.999 0.428842
3 0.428571
